--------------------------------------------------------------------------------
problem  algorithm  base    width  depth  exp  quality.avg  quality.stdev  time
--------------------------------------------------------------------------------
  5      aot        greedy     10    5    100   9.20        0.13           4.42
  5      aot        greedy     50    5    100  10.48        0.15          24.48
  5      aot        greedy    100    5    100  10.83        0.16          47.43
  5      aot        greedy    500    5    100  11.75        0.18         120.14
  5      aot        greedy   1000    5    100  11.75        0.18         120.44
  5      aot        greedy   5000    5    100  11.75        0.18         120.03
  5      aot        random     10    5    100  14.74        0.27           5.21
  5      aot        random     50    5    100  12.25        0.21          20.29
  5      aot        random    100    5    100  11.52        0.17          35.35
  5      aot        random    500    5    100  11.37        0.18         103.21
  5      aot        random   1000    5    100  11.64        0.18         105.31
  5      aot        random   5000    5    100  11.64        0.18         105.03
  5      uct        greedy     10    5     NA  11.89        0.21           0.38
  5      uct        greedy     25    5     NA  10.93        0.19           0.86
  5      uct        greedy     50    5     NA  11.76        0.21           1.82
  5      uct        greedy    100    5     NA  13.29        0.27           4.29
  5      uct        greedy    250    5     NA  14.06        0.27          10.90
  5      uct        greedy    500    5     NA  14.13        0.27          19.50
  5      uct        greedy   1000    5     NA  14.65        0.29          37.68
  5      uct        greedy   2500    5     NA  13.86        0.28          77.64
  5      uct        greedy   5000    5     NA  13.19        0.25         133.35
  5      uct        greedy  10000    5     NA  13.45        0.25         262.26
  5      uct        random     10    5     NA  19.06        0.32           0.46
  5      uct        random     25    5     NA  15.39        0.27           0.91
  5      uct        random     50    5     NA  15.52        0.30           1.96
  5      uct        random    100    5     NA  15.98        0.32           4.17
  5      uct        random    250    5     NA  15.69        0.31           9.95
  5      uct        random    500    5     NA  14.82        0.29          17.45
  5      uct        random   1000    5     NA  14.94        0.30          34.04
  5      uct        random   2500    5     NA  14.21        0.29          76.56
  5      uct        random   5000    5     NA  13.88        0.27         142.00
  5      uct        random  10000    5     NA  13.69        0.28         277.11
--------------------------------------------------------------------------------
problem  algorithm  base    width  depth  exp  quality.avg  quality.stdev  time
--------------------------------------------------------------------------------
 10      aot        greedy     10   10    100  22.64        0.28          47.63
 10      aot        greedy     50   10    100  21.29        0.25         233.14
 10      aot        greedy    100   10    100  21.61        0.26         488.49
 10      aot        greedy    500   10    100  22.03        0.26        2720.77
 10      aot        greedy   1000   10    100  21.74        0.27        4571.06
 10      aot        greedy   5000   10    100  21.99        0.26       12351.83
 10      aot        random     10   10    100  25.21        0.27          32.95
 10      aot        random     50   10    100  23.40        0.27         155.08
 10      aot        random    100   10    100  23.32        0.27         307.42
 10      aot        random    500   10    100  23.33        0.27        1940.50
 10      aot        random   1000   10    100  22.64        0.27        4359.63
 10      aot        random   5000   10    100  22.18        0.26       11219.82
 10      uct        greedy     10   10     NA  30.63        0.30           3.63
 10      uct        greedy     25   10     NA  26.35        0.29           7.48
 10      uct        greedy     50   10     NA  24.14        0.28          14.06
 10      uct        greedy    100   10     NA  23.85        0.28          30.53
 10      uct        greedy    250   10     NA  23.51        0.28          76.74
 10      uct        greedy    500   10     NA  22.99        0.27         149.67
 10      uct        greedy   1000   10     NA  23.32        0.28         305.72
 10      uct        greedy   2500   10     NA  23.49        0.27         675.04
 10      uct        greedy   5000   10     NA  23.60        0.28        1315.14
 10      uct        greedy  10000   10     NA  23.49        0.27        2161.21
 10      uct        random     10   10     NA  37.50        0.25           3.00
 10      uct        random     25   10     NA  30.91        0.27           5.87
 10      uct        random     50   10     NA  27.90        0.27          11.17
 10      uct        random    100   10     NA  25.71        0.27          20.92
 10      uct        random    250   10     NA  24.66        0.28          48.12
 10      uct        random    500   10     NA  24.16        0.28          96.03
 10      uct        random   1000   10     NA  23.88        0.29         202.60
 10      uct        random   2500   10     NA  24.28        0.28         517.60
 10      uct        random   5000   10     NA  23.56        0.28        1058.15
 10      uct        random  10000   10     NA  23.26        0.27        1995.10
--------------------------------------------------------------------------------
problem  algorithm  base    width  depth  exp  quality.avg  quality.stdev  time
--------------------------------------------------------------------------------
 25      aot        greedy     10   25    100  31.87        0.15         561.82
 25      aot        greedy     50   25    100  26.86        0.16        2583.22
 25      aot        greedy    100   25    100  27.02        0.16        5222.09
 25      aot        greedy    500   25    100  26.53        0.16       26822.97
 25      aot        greedy   1000   25    100  26.64        0.16       51886.25
********************************************************************************
 25      aot        random     10   25    100  30.89        0.14         228.16
 25      aot        random     50   25    100  26.96        0.16        1108.22
 25      aot        random    100   25    100  27.14        0.16        2204.81
 25      aot        random    500   25    100  26.66        0.16       11846.19
 25      aot        random   1000   25    100  26.74        0.16       27110.23
********************************************************************************
 25      uct        greedy     10   25     NA  43.33        0.12          34.98
 25      uct        greedy     25   25     NA  39.23        0.13          83.17
 25      uct        greedy     50   25     NA  35.39        0.14         150.16
 25      uct        greedy    100   25     NA  32.07        0.15         294.05
 25      uct        greedy    250   25     NA  30.06        0.16         702.06
 25      uct        greedy    500   25     NA  28.43        0.16        1346.16
 25      uct        greedy   1000   25     NA  27.80        0.17        2663.39
 25      uct        greedy   2500   25     NA  27.38        0.17        6502.13
 25      uct        greedy   5000   25     NA  27.09        0.17       12491.70
 25      uct        greedy  10000   25     NA  26.79        0.17       23623.76
 25      uct        random     10   25     NA  44.11        0.10          13.11
 25      uct        random     25   25     NA  38.40        0.11          32.11
 25      uct        random     50   25     NA  33.91        0.13          63.07
 25      uct        random    100   25     NA  30.72        0.14         122.39
 25      uct        random    250   25     NA  28.98        0.16         299.77
 25      uct        random    500   25     NA  27.79        0.16         592.11
 25      uct        random   1000   25     NA  27.37        0.17        1238.15
 25      uct        random   2500   25     NA  27.31        0.17        3105.61
 25      uct        random   5000   25     NA  27.14        0.18        6442.93
 25      uct        random  10000   25     NA  27.51        0.17       14197.54
--------------------------------------------------------------------------------
problem  algorithm  base    width  depth  exp  quality.avg  quality.stdev  time
--------------------------------------------------------------------------------
 50      aot        greedy     10   50    100  30.82        0.15        1619.78
 50      aot        greedy     50   50    100  26.33        0.15        8018.19
 50      aot        greedy    100   50    100  26.33        0.15       15706.73
 50      aot        greedy    500   50    100  25.99        0.15       77223.62
 50      aot        greedy   1000   50    100  26.24        0.15      153214.45
********************************************************************************
 50      aot        random     10   50    100  30.74        0.14         517.60
 50      aot        random     50   50    100  26.53        0.16        2579.82
 50      aot        random    100   50    100  26.13        0.16        5151.65
 50      aot        random    500   50    100  26.07        0.16       27147.60
 50      aot        random   1000   50    100  26.31        0.16       58078.29
********************************************************************************
 50      uct        greedy     10   50     NA  43.06        0.12          80.76
 50      uct        greedy     25   50     NA  38.61        0.12         204.55
 50      uct        greedy     50   50     NA  34.42        0.13         395.30
 50      uct        greedy    100   50     NA  31.14        0.14         845.30
 50      uct        greedy    250   50     NA  29.02        0.15        1945.11
 50      uct        greedy    500   50     NA  27.01        0.15        3865.04
 50      uct        greedy   1000   50     NA  26.67        0.16        7573.21
 50      uct        greedy   2500   50     NA  26.41        0.17       18773.96
 50      uct        greedy   5000   50     NA  26.36        0.16       36825.93
 50      uct        greedy  10000   50     NA  26.21        0.16       73752.63
 50      uct        random     10   50     NA  44.63        0.10          25.19
 50      uct        random     25   50     NA  38.68        0.11          63.36
 50      uct        random     50   50     NA  34.13        0.12         126.69
 50      uct        random    100   50     NA  30.72        0.14         266.45
 50      uct        random    250   50     NA  28.63        0.15         636.75
 50      uct        random    500   50     NA  27.73        0.17        1335.17
 50      uct        random   1000   50     NA  26.73        0.17        2581.83
 50      uct        random   2500   50     NA  26.56        0.17        6654.70
 50      uct        random   5000   50     NA  26.38        0.17       13755.56
 50      uct        random  10000   50     NA  26.90        0.17       28887.74
--------------------------------------------------------------------------------
problem  algorithm  base    width  depth  exp  quality.avg  quality.stdev  time
--------------------------------------------------------------------------------
 75      aot        greedy     10   75    100  30.77        0.15        2412.69
 75      aot        greedy     50   75    100  26.16        0.15       11926.25
 75      aot        greedy    100   75    100  26.05        0.15       24449.73
 75      aot        greedy    500   75    100  25.86        0.15      118041.51
 75      aot        greedy   1000   75    100  26.08        0.16      228835.95
********************************************************************************
 75      aot        random     10   75    100  30.91        0.13         805.44
 75      aot        random     50   75    100  26.23        0.16        3836.85
 75      aot        random    100   75    100  26.01        0.16        7941.62
 75      aot        random    500   75    100  25.86        0.15       41105.98
 75      aot        random   1000   75    100  26.12        0.15       83656.34
********************************************************************************
 75      uct        greedy     10   75     NA  42.85        0.12         118.40
 75      uct        greedy     25   75     NA  38.61        0.13         296.83
 75      uct        greedy     50   75     NA  34.24        0.14         596.39
 75      uct        greedy    100   75     NA  31.14        0.15        1195.23
 75      uct        greedy    250   75     NA  28.53        0.15        3152.80
 75      uct        greedy    500   75     NA  27.51        0.16        5816.10
 75      uct        greedy   1000   75     NA  26.29        0.15       11598.42
 75      uct        greedy   2500   75     NA  26.47        0.17       28382.22
 75      uct        greedy   5000   75     NA  26.02        0.16       56893.19
 75      uct        greedy  10000   75     NA  26.24        0.16      114018.93
 75      uct        random     10   75     NA  44.57        0.11          37.53
 75      uct        random     25   75     NA  38.51        0.11          95.22
 75      uct        random     50   75     NA  33.95        0.12         192.70
 75      uct        random    100   75     NA  30.76        0.14         389.60
 75      uct        random    250   75     NA  28.69        0.16         937.89
 75      uct        random    500   75     NA  27.26        0.17        1879.12
 75      uct        random   1000   75     NA  26.48        0.18        3947.61
 75      uct        random   2500   75     NA  26.89        0.17        9651.56
 75      uct        random   5000   75     NA  26.81        0.18       19662.88
 75      uct        random  10000   75     NA  26.35        0.17       40751.24
--------------------------------------------------------------------------------
problem  algorithm  base    width  depth  exp  quality.avg  quality.stdev  time
--------------------------------------------------------------------------------
100      aot        greedy     10  100    100  30.81        0.14        3329.86
100      aot        greedy     50  100    100  26.20        0.15       17333.21
100      aot        greedy    100  100    100  25.83        0.15       33508.29
100      aot        greedy    500  100    100  25.84        0.15      165934.83
********************************************************************************
********************************************************************************
100      aot        random     10  100    100  30.78        0.13        1022.10
100      aot        random     50  100    100  25.91        0.15        5141.29
100      aot        random    100  100    100  25.84        0.15       10323.93
100      aot        random    500  100    100  25.84        0.16       53204.26
100      aot        random   1000  100    100  25.99        0.16      110673.13
********************************************************************************
100      uct        greedy     10  100     NA  43.13        0.12         163.99
100      uct        greedy     25  100     NA  38.89        0.13         429.55
100      uct        greedy     50  100     NA  34.96        0.14         846.30
100      uct        greedy    100  100     NA  31.46        0.15        1668.71
100      uct        greedy    250  100     NA  29.38        0.16        4262.77
100      uct        greedy    500  100     NA  27.35        0.16        8272.57
100      uct        greedy   1000  100     NA  26.69        0.17       17754.20
100      uct        greedy   2500  100     NA  26.18        0.17       41918.14
100      uct        greedy   5000  100     NA  26.09        0.16       81175.30
100      uct        greedy  10000  100     NA  26.22        0.16      160343.02
100      uct        random     10  100     NA  44.43        0.10          49.74
100      uct        random     25  100     NA  38.77        0.11         124.30
100      uct        random     50  100     NA  34.30        0.13         248.28
100      uct        random    100  100     NA  30.85        0.14         520.72
100      uct        random    250  100     NA  28.42        0.15        1246.83
100      uct        random    500  100     NA  27.47        0.17        2491.49
100      uct        random   1000  100     NA  26.60        0.17        5010.44
100      uct        random   2500  100     NA  26.56        0.18       13470.93
100      uct        random   5000  100     NA  26.32        0.17       25914.22
100      uct        random  10000  100     NA  26.50        0.18       52680.76
--------------------------------------------------------------------------------
